7
6
1
7
7
7
2
2
6
6
7
1
7
7
1
3
2
10
10
7
10
7
6
9
8
5
6
10
1
6
6
2
6
6
5
3
7
10
9
5
4
6
3
1
6
7
4
8
10
10
5
10
7
5
6
5
8
9
6
2
2
5
10
5
6
7
6
10
2
6
6
7
8
10
2
4
9
5
6
4
6
1
4
1
2
6
3
6
6
3
2
4
5
10
4
2
6
4
3
10
6
8
9
6
10
4
9
6
3
9
56
27
54
6
2
84
43
82
97
85
23
16
44
38
60
56
94
37
54
5
21
41
90
59
51
16
49
26
52
47
10
28
85
24
25
44
57
64
13
49
90
71
32
75
10
9
65
93
28
74
42
43
73
73
53
99
27
48
84
26
46
14
71
13
20
86
83
59
86
25
74
36
6
16
17
79
37
59
19
66
6
11
17
65
18
4
3
86
86
89
6
74
46
14
33
77
90
81
91
72
